 1497
 188
 608
 611
 702
 172
 713
 2819
 933
 1068
 2112
 660
 193
 1373
 533
 3147
 1808
 461
 642
 422
 462
 373
 782
 1260
 2028
 1183
 229
 1522
 935
 810
 2248
 221
 241
 944
 162
 706
 2046
 664
 566
 81
 119
 1245
 760
 574
 315
 67
 456
 410
 2972
 74
 75
 1473
 1243
 3227
 1495
 331
 1824
 319
 2278
 93
 1535
 1757
 2558
 92
 524
 1793
 512
 49
 224
 1368
 386
 911
 341
 2130
 174
 1238
 800
 455
 1020
 886
 2490
 1446
 1824
 1100
 462
 2933
 981
 594
 534
 2188
 165
 204
 430
 491
 1894
 123
 212
 1866
 483
 655
 211
 1052
 1741
 627
 2350
 68
 66
 1566
 283
 72
 2217
 2783
 640
 1180
 3903
 655
 698
 378
 158
 574
 2177
 512
 183
 1251
 104
 1438
 520
 1640
 362
 100
 1012
 660
 447
 817
 453
 1542
 775
 1250
 269
 551
 2520
 2403
 464
 459
 70
 1360
 64
 278
 767
 1397
 412
 1225
 2404
 1848
 220
 1825
 566
 1398
 1353
 1340
 572
 2757
 3327
 2746
 649
 2447
 1694
 889
 719
 631
 1564
 445
 568
 473
 212
 196
 787
 2272
 46
 296
 478
 740
 2907
 2762
 1005
 1539
 1004
 1421
 665
 1431
 478
 57
 101
 751
 1486
 1125
 1436
 917
 3113
 1036
 359
 1126
 2327
 1100
 528
 808
 811
 457
 1817
 790
 1331
 371
 1032
 1032
 706
 66
 1739
 446
 619
 2913
 1607
 1434
 556
 410
 362
 502
 2826
 1031
 2603
 559
 2009
 2715
 563
 369
 479
 45
 55
 1174
 466
 1868
 1343
 153
 376
 140
 468
 40
 433
 258
 879
 305
 895
 560
 337
 2317
 1118
 411
 3431
 461
 759
 515
 2251
 584
 1008
 152
 1402
 1542
 1154
 3068
 439
 328
 331
 1263
 3867
 730
 303
 3684
 909
 948
 371
 383
 991
 1079
 889
 242
 622
 1748
 1101
 393
 908
 334
 836
 2825
 1679
 1849
 738
 2064
 91
 207
 161
 427
 126
 2129
 1018
 199
 263
 2185
 1017
 1366
 777
 122
 173
 3252
 330
 573
 2824
 153
 632
 952
 1229
 457
 1779
 1302
 865
 482
 629
 2393
 1773
 181
 63
 3071
 2717
 1143
 1052
 1069
 1962
 2088
 2118
 4030
 87
 506
 1493
 983
 97
 1599
 426
 768
 57
 1121
 2436
 418
 1098
 1417
 1215
 181
 707
 1610
 593
 2596
 921
 1027
 104
 801
 502
 63
 457
 313
 664
 908
 112
 1526
 207
 1423
 2347
 458
